1: 1 
2: 1 2 
3: 1 
4: 1 2 
5: 1 
6: 1 2 
7: 1 
8: 1 2 
9: 1 3 
10: 1 2 
11: 1 
12: 1 2 3 
13: 1 
14: 1 2 
15: 1 3 
16: 1 2 4 
17: 1 
18: 1 2 3 
19: 1 
20: 1 2 4 
21: 1 3 
22: 1 2 
23: 1 
24: 1 2 3 4 
25: 1 5 
26: 1 2 
27: 1 3 
28: 1 2 4 
29: 1 
30: 1 2 3 5 
31: 1 
32: 1 2 4 
33: 1 3 
34: 1 2 
35: 1 5 
36: 1 2 3 4 6 
37: 1 
38: 1 2 
39: 1 3 
40: 1 2 4 5 
41: 1 
42: 1 2 3 6 
43: 1 
44: 1 2 4 
45: 1 3 5 
46: 1 2 
47: 1 
48: 1 2 3 4 6 
49: 1 7 
50: 1 2 5 
51: 1 3 
52: 1 2 4 
53: 1 
54: 1 2 3 6 
55: 1 5 
56: 1 2 4 7 
57: 1 3 
58: 1 2 
59: 1 
60: 1 2 3 4 5 6 
61: 1 
62: 1 2 
63: 1 3 7 
64: 1 2 4 8 
65: 1 5 
66: 1 2 3 6 
67: 1 
68: 1 2 4 
69: 1 3 
70: 1 2 5 7 
71: 1 
72: 1 2 3 4 6 8 
73: 1 
74: 1 2 
75: 1 3 5 
76: 1 2 4 
77: 1 7 
78: 1 2 3 6 
79: 1 
80: 1 2 4 5 8 
81: 1 3 9 
82: 1 2 
83: 1 
84: 1 2 3 4 6 7 
85: 1 5 
86: 1 2 
87: 1 3 
88: 1 2 4 8 
89: 1 
90: 1 2 3 5 6 9 
91: 1 7 
92: 1 2 4 
93: 1 3 
94: 1 2 
95: 1 5 
96: 1 2 3 4 6 8 
97: 1 
98: 1 2 7 
99: 1 3 9 
100: 1 2 4 5 10 
101: 1 
102: 1 2 3 6 
103: 1 
104: 1 2 4 8 
105: 1 3 5 7 
106: 1 2 
107: 1 
108: 1 2 3 4 6 9 
109: 1 
110: 1 2 5 10 
111: 1 3 
112: 1 2 4 7 8 
113: 1 
114: 1 2 3 6 
115: 1 5 
116: 1 2 4 
117: 1 3 9 
118: 1 2 
119: 1 7 
120: 1 2 3 4 5 6 8 10 
121: 1 11 
122: 1 2 
123: 1 3 
124: 1 2 4 
125: 1 5 
126: 1 2 3 6 7 9 
127: 1 
128: 1 2 4 8 
129: 1 3 
130: 1 2 5 10 
131: 1 
132: 1 2 3 4 6 11 
133: 1 7 
134: 1 2 
135: 1 3 5 9 
136: 1 2 4 8 
137: 1 
138: 1 2 3 6 
139: 1 
140: 1 2 4 5 7 10 
141: 1 3 
142: 1 2 
143: 1 11 
144: 1 2 3 4 6 8 9 12 
145: 1 5 
146: 1 2 
147: 1 3 7 
148: 1 2 4 
149: 1 
150: 1 2 3 5 6 10 
151: 1 
152: 1 2 4 8 
153: 1 3 9 
154: 1 2 7 11 
155: 1 5 
156: 1 2 3 4 6 12 
157: 1 
158: 1 2 
159: 1 3 
160: 1 2 4 5 8 10 
161: 1 7 
162: 1 2 3 6 9 
163: 1 
164: 1 2 4 
165: 1 3 5 11 
166: 1 2 
167: 1 
168: 1 2 3 4 6 7 8 12 
169: 1 13 
170: 1 2 5 10 
171: 1 3 9 
172: 1 2 4 
173: 1 
174: 1 2 3 6 
175: 1 5 7 
176: 1 2 4 8 11 
177: 1 3 
178: 1 2 
179: 1 
180: 1 2 3 4 5 6 9 10 12 
181: 1 
182: 1 2 7 13 
183: 1 3 
184: 1 2 4 8 
185: 1 5 
186: 1 2 3 6 
187: 1 11 
188: 1 2 4 
189: 1 3 7 9 
190: 1 2 5 10 
191: 1 
192: 1 2 3 4 6 8 12 
193: 1 
194: 1 2 
195: 1 3 5 13 
196: 1 2 4 7 14 
197: 1 
198: 1 2 3 6 9 11 
199: 1 
200: 1 2 4 5 8 10 
